unzip the package,
run server,
go to url http://127.0.0.1:8000/neuralnetwork,
input matrix like:
[[  ...  ]]

click "Detect".

please use the tests:
[[0, 0, 0, 0, 0 ,0, 0, 0,
0, 1, 1, 1, 1, 1, 0, 0,
0, 1, 0, 0, 0, 1, 1, 0,
0, 1, 0, 0, 0, 0, 1, 0,
0, 1, 0, 0, 0, 0, 1, 0,
0, 1, 0, 0, 0, 1, 1, 0,
0, 1, 1, 1, 1, 1, 0, 0,
0, 0, 0, 0, 0, 0, 0, 0]]

[[0, 0, 0, 0, 0, 0, 0, 0,
0, 0, 0, 1, 1, 0, 0, 0,
0, 0, 0, 1, 1, 0, 0, 0,
0, 0, 0, 0, 1, 0, 0, 0,
0, 0, 0, 0, 1, 0, 0, 0,
0, 0, 0, 0, 1, 0, 0, 0,
1, 0, 0, 0, 1, 0, 0, 0,
0, 0, 0, 0, 0, 0, 0, 0]]

[[0, 0, 0, 0, 0 ,0, 0, 0,
0, 1, 1, 1, 1, 1, 1, 0,
1, 1, 0, 0, 0, 0, 1, 0,
0, 0, 0, 0, 0, 1, 0, 0,
0, 0, 0, 0, 1, 0, 0, 0,
0, 0, 1, 1, 0, 0, 0, 0,
0, 1, 1, 1, 1, 1, 1, 0,
0, 0, 0, 0, 0, 0, 0, 0]]

[[0, 0, 0, 0, 0 ,0, 0, 0,
0, 0, 1, 1, 1, 1, 1, 0,
0, 1, 0, 0, 0, 0, 1, 0,
0, 0, 1, 1, 1, 1, 1, 0,
0, 0, 0, 0, 0, 0, 1, 0,
0, 1, 0, 0, 0, 0, 1, 0,
0, 1, 1, 1, 1, 1, 1, 0,
0, 0, 0, 0, 0, 0, 0, 0]]

